Nodes
1598
1.962340 0.842420
1.959040 0.866783
1.935876 0.831759
1.966023 0.815233
1.937827 0.854834
1.936547 0.873855
1.920294 0.846678
1.911536 0.828854
1.948023 0.890775
1.957683 0.763893
1.921024 0.799144
1.924403 0.889293
1.917024 0.867006
1.895336 0.850510
1.886091 0.816178
1.937333 0.914053
1.482593 0.713467
1.492276 0.709513
1.942680 0.722740
1.909448 0.754138
1.926760 0.679073
1.500133 0.713610
1.911821 0.908949
1.880508 0.783953
1.895679 0.884855
1.872769 0.867465
1.865532 0.842304
1.853258 0.813968
1.484167 0.720609
1.491451 0.717777
1.500601 0.720519
1.477763 0.718901
1.481280 0.725991
1.914633 0.938610
1.488753 0.695622
1.483107 0.704447
1.493776 0.701333
1.500967 0.705216
1.507052 0.710250
1.492898 0.689286
1.495855 0.694164
1.894211 0.716391
1.863557 0.750661
1.907939 0.638150
1.876596 0.677652
1.508431 0.718527
1.887054 0.917934
1.837188 0.784484
1.863737 0.892897
1.846560 0.865817
1.839556 0.839886
1.817716 0.820332
1.489082 0.726242
1.495951 0.725808
1.505984 0.729125
1.485800 0.732029
1.472777 0.724510
1.478157 0.733673
1.885793 0.953004
1.486522 0.688236
1.480361 0.696541
1.502686 0.697025
1.518168 0.711707
1.510936 0.702162
1.492975 0.682329
1.501164 0.687552
1.844767 0.518367
1.846198 0.714312
1.813799 0.751458
1.889037 0.597050
1.864973 0.554280
1.857479 0.638046
1.829959 0.679440
1.534775 0.709909
1.518573 0.725490
1.528591 0.720438
1.516871 0.736553
1.541044 0.723041
1.854904 0.925883
1.791291 0.791399
1.829138 0.894066
1.814711 0.857008
1.780989 0.836394
1.494685 0.734298
1.506831 0.742754
1.485796 0.739938
1.463578 0.726522
1.469312 0.735666
1.476706 0.743637
1.852520 0.969610
1.485172 0.680242
1.477375 0.687942
1.485466 0.671107
1.493048 0.672946
1.513416 0.691727
1.523905 0.697864
1.502476 0.675835
1.511213 0.681192
1.539410 0.694235
1.821200 0.485207
1.826508 0.548883
1.804255 0.524567
1.799007 0.711621
1.760732 0.748702
1.791181 0.677054
1.832930 0.594605
1.808411 0.641381
1.557530 0.712173
1.553000 0.687484
1.793547 0.455367
1.531526 0.735481
1.520778 0.749236
1.553077 0.736940
1.811969 0.935114
1.706112 0.762054
1.737324 0.807026
1.781314 0.887620
1.745278 0.855429
1.496187 0.747977
1.508642 0.757166
1.485512 0.751825
1.474851 0.753178
1.452707 0.728900
1.458519 0.738887
1.466607 0.747542
1.802197 0.985490
1.473680 0.677300
1.479217 0.664196
1.476522 0.654051
1.491807 0.662602
1.502388 0.664482
1.525120 0.681576
1.513889 0.669323
1.542732 0.676835
1.780526 0.496903
1.755599 0.471013
1.792425 0.565209
1.765919 0.536508
1.756900 0.697051
1.721991 0.720421
1.760073 0.650833
1.779342 0.607563
1.589032 0.726264
1.578859 0.704148
1.677789 0.720627
1.631325 0.723348
1.569800 0.686601
1.557186 0.675924
1.762277 0.429343
1.657136 0.762177
1.524503 0.768275
1.543165 0.756139
1.571136 0.759447
1.612358 0.761020
1.765222 0.941334
1.681808 0.805006
1.701912 0.850684
1.728743 0.894746
1.495646 0.762759
1.507909 0.771996
1.480460 0.765705
1.465826 0.760709
1.435200 0.730000
1.444471 0.741558
1.454438 0.753179
1.750310 0.995000
1.466217 0.664997
1.467840 0.646522
1.488298 0.652397
1.480453 0.643748
1.500510 0.651547
1.514791 0.653872
1.532131 0.659320
1.550012 0.662716
1.742351 0.507721
1.725203 0.447016
1.724482 0.479783
1.743684 0.575680
1.729543 0.541168
1.708421 0.673673
1.725221 0.618047
1.602430 0.690901
1.650073 0.678671
1.574073 0.660205
1.727907 0.407577
1.517440 0.789577
1.633988 0.800781
1.549019 0.785713
1.590227 0.795103
1.713002 0.944681
1.655590 0.847772
1.681370 0.896413
1.493512 0.783735
1.469936 0.780438
1.415565 0.730000
1.452797 0.770320
1.426117 0.746652
1.438408 0.760071
1.697333 1.000000
1.453433 0.649650
1.463519 0.634634
1.476387 0.632317
1.493283 0.636219
1.509703 0.640490
1.527080 0.638678
1.551024 0.644556
1.695204 0.429043
1.698514 0.515418
1.691830 0.470138
1.692778 0.570341
1.669379 0.626377
1.611094 0.637099
1.568912 0.628227
1.691017 0.390427
1.532870 0.809503
1.506877 0.810649
1.606530 0.839178
1.563790 0.821944
1.659667 0.947436
1.629389 0.893076
1.451954 0.793268
1.475044 0.808984
1.390604 0.730000
1.402875 0.751742
1.434529 0.780958
1.418181 0.768475
1.433254 0.800864
1.638217 1.000000
1.666826 0.415876
1.438380 0.636530
1.450492 0.628220
1.466836 0.618843
1.486973 0.616461
1.511675 0.620354
1.540437 0.622170
1.554354 0.603932
1.654761 0.536242
1.663763 0.451790
1.661154 0.492444
1.641261 0.433379
1.628347 0.579452
1.584509 0.595772
1.661205 0.380411
1.066663 0.730000
1.358705 0.730000
1.527226 0.839634
1.495173 0.832512
1.561258 0.877805
1.596339 0.944831
1.446164 0.818042
1.465986 0.845775
1.373332 0.756864
1.392789 0.778631
1.414226 0.793753
1.419397 0.818928
1.570135 1.000000
1.636599 0.404281
1.421433 0.625960
1.403023 0.618217
1.436185 0.617415
1.453680 0.606199
1.474831 0.598047
1.501426 0.596189
1.531457 0.596187
1.553687 0.575699
1.630626 0.506629
1.617981 0.535298
1.625976 0.465981
1.613624 0.429139
1.582738 0.551784
1.630473 0.370087
1.060739 0.729288
1.055304 0.727270
1.050478 0.724054
1.063574 0.735576
1.073660 0.730000
1.072062 0.734713
1.067979 0.736654
1.082524 0.730000
1.093851 0.730000
1.108327 0.730000
1.126827 0.730000
1.150469 0.730000
1.317940 0.730000
1.180683 0.730000
1.268054 0.730000
1.219295 0.730000
1.336539 0.760472
1.498846 0.877261
1.531470 0.939306
1.432546 0.848748
1.452923 0.875768
1.358371 0.790413
1.389749 0.810541
1.397525 0.847311
1.499183 1.000000
1.608467 0.397336
1.418805 0.605008
1.399045 0.599020
1.384453 0.615152
1.436385 0.592513
1.459051 0.580800
1.486158 0.572826
1.519584 0.570532
1.538721 0.543219
1.589526 0.420773
1.593431 0.502384
1.590034 0.453226
1.557740 0.515575
1.601111 0.363164
1.046525 0.719814
1.058928 0.735905
1.054636 0.733067
1.049668 0.729788
1.044954 0.725583
1.060931 0.741932
1.066148 0.740936
1.077994 0.735866
1.072529 0.741765
1.087848 0.739418
1.101510 0.742103
1.117916 0.745430
0.491949 0.733333
0.480802 0.733333
1.139013 0.749865
1.166023 0.755404
1.293466 0.765157
1.203392 0.761186
1.245511 0.764150
1.318667 0.800912
1.457886 0.930026
1.414797 0.888147
1.352041 0.837986
1.376630 0.879523
1.427301 1.000000
1.575566 0.395003
1.413661 0.579290
1.391922 0.580975
1.378506 0.593170
1.363333 0.611667
1.436928 0.566367
1.416844 0.558322
1.463175 0.550561
1.498884 0.540828
1.519692 0.504896
1.558100 0.429888
1.553935 0.476009
1.568310 0.355430
1.336137 0.611667
1.043588 0.714620
1.040773 0.720570
1.054762 0.739662
1.049065 0.736494
1.043553 0.732289
1.038668 0.727213
1.056714 0.747478
1.065720 0.748789
1.082125 0.746287
1.075184 0.750899
1.092591 0.751030
1.106883 0.758001
1.125702 0.765325
0.500696 0.733333
0.496563 0.741675
0.507643 0.733333
0.466598 0.733333
0.448497 0.733333
0.425430 0.733333
0.486300 0.743592
0.473958 0.745614
0.396036 0.733333
0.358577 0.733333
0.310667 0.733333
1.148233 0.774916
1.178277 0.787023
1.271688 0.805371
1.221121 0.805027
1.299898 0.846073
1.382544 0.933598
1.333717 0.892360
1.355417 1.000000
0.513755 0.732575
1.527656 0.390869
1.395120 0.562543
1.373218 0.569391
1.360731 0.586158
1.343332 0.592686
1.432454 0.536712
1.405564 0.542198
1.464210 0.504188
1.503522 0.450208
1.505057 0.346587
1.317220 0.588500
1.301718 0.611667
1.036904 0.714719
1.041037 0.708500
1.013450 0.640365
1.015100 0.646287
1.033954 0.721615
1.049399 0.744138
1.042363 0.740034
1.036578 0.734658
1.031910 0.728910
1.059336 0.756837
1.050136 0.753509
1.060165 0.766279
1.071207 0.760668
1.083696 0.757850
1.094381 0.766353
1.067637 0.771462
1.109216 0.777831
1.127984 0.792733
0.492810 0.751727
0.504905 0.740164
0.502497 0.748111
0.501212 0.756473
0.511937 0.738865
0.518166 0.737419
0.409909 0.754151
0.456405 0.748447
0.436220 0.751726
0.481714 0.755875
0.466891 0.760146
0.381698 0.763015
0.405891 0.775682
0.331574 0.782528
1.149507 0.805817
1.180514 0.821970
1.247118 0.849361
1.206925 0.842714
1.265225 0.891657
1.312063 0.945127
1.283534 1.000000
0.519461 0.730364
0.525782 0.731791
0.523959 0.736177
1.468352 0.394530
1.372600 0.538548
1.343521 0.564142
1.407064 0.503107
1.431863 0.450577
1.369738 0.506225
1.441000 0.343333
1.302986 0.549658
1.281653 0.581452
1.258800 0.611667
1.210494 0.611667
1.044709 0.611667
1.052827 0.611667
1.063038 0.611667
1.029048 0.715961
1.032592 0.708271
1.037960 0.701120
1.034102 0.691867
1.029354 0.680479
1.024603 0.669081
1.017656 0.652417
1.020738 0.659811
1.013291 0.634264
1.008492 0.640221
1.009880 0.645711
1.010943 0.651730
1.026382 0.614623
1.021392 0.618137
1.038175 0.611667
1.032074 0.612423
1.017372 0.622801
1.014614 0.628306
1.008919 0.631637
1.026703 0.723513
1.025596 0.730293
1.041481 0.749340
1.034093 0.743296
1.028869 0.736226
1.041052 0.760801
1.050556 0.763933
1.060946 0.774856
1.053536 0.772731
1.079130 0.774968
1.093020 0.784356
1.066975 0.780487
1.107472 0.800322
1.119812 0.819508
1.091154 0.798168
0.492506 0.764157
0.510092 0.745669
0.508351 0.752374
0.503820 0.764519
0.507984 0.758924
0.517062 0.744032
0.523366 0.742263
0.428300 0.773870
0.448780 0.767219
0.477816 0.770022
0.463383 0.775017
0.381683 0.800007
0.416811 0.798576
0.352630 0.832071
1.148251 0.838382
1.179000 0.852858
1.206597 0.884964
1.241815 0.943986
1.112898 0.846633
1.211650 1.000000
0.524460 0.726832
0.530913 0.726364
0.530361 0.730302
0.530668 0.735280
0.529845 0.740774
0.534783 0.724027
1.399814 0.399635
1.331954 0.509827
1.366073 0.464394
1.373006 0.343333
1.286400 0.513419
1.257165 0.540609
1.235626 0.577422
1.170060 0.611667
1.192712 0.580694
1.075881 0.611667
1.092035 0.611667
1.112355 0.611667
1.137913 0.611667
1.041206 0.604894
1.048399 0.603596
1.057532 0.601672
1.069100 0.599144
1.021254 0.718509
1.022889 0.709149
1.027712 0.700180
1.022592 0.690735
1.017979 0.679268
1.014595 0.668790
1.012345 0.659280
1.006309 0.635999
1.003627 0.640317
1.004396 0.644671
1.004579 0.650647
1.005194 0.657245
1.025097 0.609504
1.020676 0.612214
1.014528 0.618371
1.016376 0.613991
1.034602 0.605226
1.037364 0.599725
1.028341 0.604704
1.023179 0.605263
1.010755 0.622733
1.007235 0.627412
1.003148 0.632206
1.019868 0.727556
1.014803 0.722944
1.020567 0.735251
1.031840 0.754263
1.023426 0.745260
1.030981 0.768071
1.043165 0.774252
1.054480 0.785823
1.073377 0.794999
1.088638 0.816843
0.490032 0.778599
0.500103 0.771923
0.507844 0.771057
0.515954 0.750524
0.513465 0.756913
0.513271 0.764579
0.522855 0.749456
0.528514 0.746099
0.451008 0.790928
0.472135 0.786923
0.439999 0.815590
0.489345 0.796523
0.407088 0.837322
0.374224 0.882879
1.147497 0.884119
1.172375 0.941819
1.074968 0.848830
1.097669 0.878285
1.139766 1.000000
0.528477 0.722152
0.534463 0.720233
0.536482 0.728506
0.537151 0.733412
0.537028 0.739199
0.535535 0.745626
0.542101 0.725367
0.540197 0.720909
0.537634 0.717444
1.333861 0.401911
1.295664 0.460679
1.300641 0.343333
1.240607 0.493364
1.212934 0.538441
1.156124 0.583532
1.172595 0.544438
1.083759 0.595942
1.102411 0.592179
1.125976 0.587940
1.043180 0.597524
1.050932 0.594127
1.060883 0.589758
1.073498 0.584070
1.011617 0.714061
1.016034 0.701812
1.010371 0.690806
1.005727 0.678107
1.005371 0.665852
1.000133 0.637402
0.998835 0.642830
0.998263 0.649087
0.998450 0.655054
0.999590 0.661024
1.019929 0.607798
1.019905 0.603244
1.015402 0.609701
1.007376 0.617386
1.011080 0.613152
1.036929 0.593120
1.030455 0.597941
1.023629 0.600401
1.003352 0.622251
0.999716 0.627411
0.995773 0.633477
1.007783 0.723814
1.011160 0.731512
1.014482 0.740662
1.020006 0.758811
1.013442 0.748613
1.018124 0.772384
1.031567 0.788148
1.051794 0.815288
1.039747 0.848758
0.505584 0.782052
0.515398 0.774536
0.521732 0.758193
0.521089 0.767568
0.531464 0.753361
0.509366 0.801823
0.467335 0.815881
0.447344 0.842993
0.494807 0.814704
0.397687 0.938088
0.436928 0.889139
0.465572 0.869398
0.424000 1.000000
1.098846 0.933432
1.056908 0.887842
1.067883 1.000000
1.020666 0.877009
0.531226 0.716631
0.543692 0.730613
0.544691 0.736570
0.550056 0.726544
0.544277 0.743529
0.542499 0.751207
0.537934 0.713277
0.547570 0.721110
0.544168 0.715988
0.556349 0.721487
1.267970 0.400095
1.242854 0.443126
1.228278 0.343333
1.206303 0.458213
1.182926 0.499063
1.135610 0.558695
1.145267 0.522888
1.089642 0.576853
1.110818 0.568424
1.043738 0.588775
1.051855 0.583417
1.062369 0.576081
1.075240 0.566596
1.036727 0.585027
1.000030 0.719280
1.001247 0.704050
0.998154 0.689684
0.993911 0.680003
0.995680 0.669997
0.993085 0.639583
0.993503 0.645918
0.991303 0.652054
0.991771 0.660269
0.999468 0.616412
1.015192 0.604302
1.017601 0.598450
1.009160 0.606749
1.004054 0.611294
1.030012 0.589501
1.022398 0.592634
0.995441 0.622196
0.991184 0.628549
0.987358 0.635719
1.000993 0.731901
1.003443 0.743023
1.002089 0.760719
0.991160 0.727334
1.005978 0.786170
1.018517 0.814962
1.001371 0.846460
0.520269 0.787082
0.524491 0.774947
0.532457 0.766397
0.541088 0.759275
0.528734 0.805077
0.517457 0.825501
0.490983 0.851924
0.460661 0.942640
0.482883 0.894776
0.495510 1.000000
0.536908 0.824094
1.024765 0.931629
0.996921 1.000000
0.983996 0.889804
0.532536 0.710653
0.552355 0.732695
0.553609 0.739782
0.559460 0.727826
0.552838 0.747684
0.551684 0.757699
0.543713 0.711516
0.539692 0.709193
0.552611 0.716217
0.549518 0.711441
0.566101 0.722027
0.562108 0.715191
1.201792 0.405097
1.158157 0.343333
1.167978 0.447108
1.144362 0.487481
1.122481 0.509856
1.113815 0.537248
1.092135 0.553864
1.102896 0.517219
1.042800 0.579432
1.050407 0.572319
1.075021 0.548591
1.058780 0.560111
1.030221 0.582868
1.034382 0.576955
1.097817 0.343333
0.987379 0.714522
0.986566 0.700569
0.985401 0.687847
0.984599 0.675996
0.985744 0.666317
0.985217 0.644724
0.981086 0.657234
0.991227 0.615865
1.013456 0.593126
0.995356 0.609481
1.008836 0.598831
1.001007 0.603771
1.023428 0.584570
1.014973 0.585984
0.987023 0.622711
0.981769 0.629789
0.976932 0.638402
0.987338 0.775476
0.989166 0.743454
0.982652 0.759076
0.978079 0.728656
0.980647 0.804949
0.964650 0.843280
0.538507 0.784303
0.547396 0.769772
0.549895 0.807661
0.530890 0.848569
0.518653 0.878373
0.527164 0.933066
0.567019 1.000000
0.557864 0.833851
0.638685 1.000000
0.926002 1.000000
0.951043 0.932277
0.946866 0.876877
0.710351 1.000000
0.782235 1.000000
0.854119 1.000000
0.908584 0.343333
0.917308 0.343333
0.928423 0.343333
0.942586 0.343333
0.960632 0.343333
1.050253 0.343333
0.983626 0.343333
1.012923 0.343333
0.901659 0.343333
0.537225 0.705839
0.532353 0.704536
0.562643 0.734841
0.561572 0.743071
0.569285 0.729359
0.564332 0.751873
0.560893 0.765265
0.573775 0.722705
0.546419 0.706921
0.542765 0.703528
0.557758 0.709835
0.552598 0.705981
0.567379 0.707571
0.573272 0.715003
1.133849 0.404646
1.131134 0.453473
1.117142 0.482892
1.104160 0.501238
1.087496 0.529788
1.090315 0.509231
1.069241 0.532750
1.039477 0.569786
1.045585 0.562479
1.056811 0.542041
1.046235 0.552343
1.025218 0.576116
1.030309 0.570336
1.073532 0.389614
0.973886 0.711898
0.973327 0.695462
0.976472 0.682149
0.972661 0.669195
0.972143 0.648994
0.968763 0.659081
0.983869 0.616306
0.985728 0.608016
1.005776 0.589414
0.990650 0.601529
0.997578 0.594482
1.016101 0.576730
1.005559 0.579420
0.977308 0.622151
0.970012 0.631265
0.964263 0.641585
0.963190 0.773735
0.966911 0.747014
0.959972 0.727715
0.940858 0.771905
0.939472 0.800099
0.925457 0.839640
0.564427 0.784833
0.571076 0.811134
0.565540 0.877964
0.599883 0.937709
0.592423 0.838088
0.668565 0.939172
0.875988 0.938407
0.902762 0.889223
0.740534 0.940720
0.810335 0.940120
0.902946 0.350357
0.906963 0.348170
0.912936 0.349033
0.922588 0.351804
0.935565 0.355689
0.951621 0.359602
0.971961 0.364377
1.031344 0.378855
0.998001 0.370638
0.898385 0.349163
0.895802 0.342637
0.893671 0.349268
0.538778 0.701287
0.535536 0.698856
0.530675 0.698611
0.574257 0.741153
0.577845 0.728828
0.581959 0.761393
0.583311 0.719707
0.544233 0.698083
0.550243 0.699845
0.560615 0.700633
0.566064 0.693329
0.571828 0.699000
0.579510 0.707883
1.092380 0.444336
1.087394 0.486839
1.069048 0.509616
1.054513 0.525850
1.033059 0.557761
1.036382 0.536833
1.020660 0.566081
1.045125 0.422378
0.958063 0.706591
0.959606 0.683813
0.957533 0.667722
0.958970 0.653849
0.974431 0.610787
0.979899 0.599758
0.994209 0.583929
0.984636 0.590515
1.006511 0.567487
0.995786 0.572974
0.962805 0.621522
0.960757 0.609237
0.955331 0.632424
0.948916 0.644735
0.942427 0.748911
0.940465 0.723217
0.915681 0.770367
0.877160 0.830487
0.901496 0.796579
0.600067 0.794879
0.632325 0.876050
0.628508 0.825121
0.700907 0.883077
0.837604 0.872708
0.770812 0.881948
0.838219 0.818637
0.900990 0.354456
0.907244 0.355314
0.916274 0.360194
0.927199 0.364990
0.940878 0.371435
0.958089 0.379524
0.979917 0.390177
1.008524 0.404273
0.895471 0.355393
0.890460 0.340685
0.889862 0.346361
0.889874 0.352696
0.885697 0.337574
0.540286 0.695117
0.535587 0.694729
0.532636 0.691871
0.527960 0.692179
0.593430 0.734046
0.616304 0.757706
0.596806 0.710600
0.547698 0.691228
0.558632 0.692449
0.564816 0.687659
0.572935 0.689168
0.584465 0.695418
0.597949 0.690345
1.051322 0.473722
1.041084 0.508008
1.019464 0.519260
1.012768 0.546467
1.013748 0.443624
0.940759 0.697943
0.924817 0.708175
0.938029 0.677583
0.941681 0.660959
0.935146 0.647671
0.965433 0.599112
0.971958 0.588394
0.981362 0.574423
0.991485 0.559225
0.950714 0.600789
0.946336 0.616776
0.938191 0.633133
0.913094 0.735398
0.892411 0.762231
0.858796 0.776648
0.644692 0.786115
0.672865 0.830123
0.735397 0.826471
0.795964 0.827964
0.821569 0.785377
0.900775 0.362105
0.909176 0.367287
0.918370 0.373027
0.929110 0.379968
0.942962 0.390229
0.960584 0.403421
0.983539 0.420824
0.894006 0.361787
0.890594 0.358274
0.884875 0.343157
0.884565 0.349899
0.885079 0.356979
0.881762 0.333469
0.880359 0.339164
0.538722 0.689196
0.531598 0.685868
0.524536 0.684067
0.620960 0.725530
0.651746 0.741990
0.617212 0.700805
0.546575 0.681969
0.557669 0.682061
0.568779 0.681289
0.611005 0.681250
0.581385 0.678583
0.596821 0.675414
1.012392 0.485459
0.994499 0.518001
0.985945 0.540726
0.981605 0.455115
0.918735 0.688905
0.904154 0.707481
0.919690 0.662015
0.922384 0.639776
0.955321 0.587071
0.963298 0.574505
0.965545 0.554500
0.935311 0.602697
0.940052 0.589806
0.921031 0.617418
0.871331 0.726293
0.824610 0.740308
0.699781 0.768424
0.772106 0.767359
0.901716 0.372206
0.894971 0.368728
0.909157 0.379180
0.916571 0.386148
0.927057 0.397739
0.940867 0.412832
0.958716 0.431545
0.887792 0.364208
0.879290 0.345879
0.878606 0.353406
0.878609 0.361801
0.878769 0.328385
0.876231 0.334277
0.874479 0.341058
0.865291 0.295785
0.876107 0.322323
0.867059 0.301718
0.869725 0.307790
0.872917 0.315059
0.539765 0.678026
0.530903 0.675050
0.520166 0.673716
0.685238 0.711357
0.645489 0.705546
0.631418 0.685446
0.618898 0.669026
0.549977 0.672579
0.567066 0.669278
0.603862 0.665623
0.586642 0.664866
0.973203 0.490889
0.965621 0.524177
0.951562 0.463335
0.884723 0.680285
0.897132 0.638930
0.940494 0.569774
0.937271 0.538937
0.918419 0.588698
0.898933 0.608779
0.838879 0.690924
0.787512 0.704788
0.736419 0.715551
0.887558 0.375553
0.900453 0.381329
0.895093 0.376975
0.903594 0.389919
0.910725 0.401948
0.920550 0.418103
0.933595 0.438502
0.879048 0.371488
0.881281 0.380650
0.872846 0.348609
0.871242 0.357288
0.869887 0.367438
0.868043 0.343002
0.869017 0.277997
0.896885 0.266667
0.889949 0.266667
0.878053 0.269679
0.866297 0.283570
0.865034 0.289615
0.862017 0.281044
0.860779 0.292494
0.872294 0.328722
0.870022 0.335537
0.860683 0.301546
0.858918 0.296643
0.868287 0.321975
0.862947 0.307723
0.865348 0.314622
0.856539 0.306887
0.905601 0.266667
0.540370 0.666369
0.529008 0.661931
0.514592 0.660510
0.708535 0.671800
0.660431 0.673787
0.633530 0.664634
0.617270 0.652969
0.554459 0.658981
0.574781 0.653362
0.596035 0.650683
0.937398 0.501627
0.913384 0.523870
0.919913 0.467538
0.855676 0.646301
0.875972 0.615103
0.903537 0.554834
0.882109 0.583747
0.890523 0.526552
0.809420 0.647572
0.757278 0.659271
0.724315 0.630204
0.890743 0.387148
0.893567 0.404464
0.900310 0.419697
0.908427 0.440648
0.878389 0.388656
0.870665 0.380404
0.864340 0.338034
0.860286 0.373284
0.865174 0.351273
0.862330 0.361204
0.861037 0.344798
0.901035 0.258084
0.873026 0.273266
0.858034 0.278644
0.862099 0.276445
0.866269 0.273909
0.871451 0.268547
0.883805 0.267433
0.892933 0.259558
0.886851 0.260601
0.877952 0.264315
0.872847 0.264605
0.859770 0.287049
0.856140 0.282724
0.854447 0.292936
0.863887 0.330151
0.853340 0.300532
0.860026 0.321218
0.858329 0.313772
0.851279 0.306842
0.852844 0.311399
0.916701 0.266667
0.910978 0.256493
0.930837 0.266667
0.948838 0.266667
0.971762 0.266667
0.541707 0.651061
0.526538 0.645366
0.507479 0.643661
0.687529 0.640635
0.699212 0.612610
0.644399 0.640530
0.612196 0.630901
0.560030 0.641505
0.584620 0.634111
0.898193 0.497295
0.890305 0.463821
0.870880 0.512062
0.838731 0.598161
0.861212 0.546277
0.770663 0.605504
0.722671 0.591406
0.881280 0.400490
0.881249 0.417354
0.884730 0.437786
0.867978 0.394589
0.857783 0.386725
0.857859 0.336860
0.848695 0.379131
0.851432 0.365568
0.855542 0.352753
0.853954 0.343664
0.895401 0.251031
0.904471 0.248006
0.853465 0.278634
0.866457 0.269851
0.856448 0.274374
0.861008 0.271810
0.866674 0.265195
0.881084 0.260960
0.888015 0.253662
0.882817 0.256107
0.874303 0.260103
0.867586 0.260278
0.852044 0.287309
0.849397 0.282080
0.847949 0.291691
0.847587 0.297357
0.854396 0.328642
0.846756 0.304140
0.851254 0.318360
0.846913 0.311257
0.924295 0.254040
0.916017 0.244146
0.940532 0.251608
0.960629 0.248642
1.000955 0.266667
0.986607 0.245795
1.038132 0.266667
1.085667 0.266667
0.543756 0.630990
0.522905 0.623954
0.498404 0.622163
0.670094 0.610601
0.691451 0.590206
0.633775 0.607116
0.598230 0.609407
0.567388 0.618372
0.701485 0.562800
0.865165 0.484798
0.864819 0.455757
0.839914 0.510831
0.806167 0.547702
0.746000 0.557839
0.864681 0.411942
0.862195 0.430379
0.855035 0.399513
0.843823 0.391527
0.849010 0.337120
0.837657 0.383095
0.838717 0.371406
0.842438 0.358514
0.846145 0.346826
0.888889 0.245440
0.897214 0.241328
0.906826 0.236611
0.848916 0.274633
0.860381 0.266916
0.854285 0.269612
0.860633 0.261316
0.876655 0.255245
0.881200 0.249234
0.869204 0.254812
0.861705 0.255398
0.844541 0.287397
0.841089 0.281316
0.840978 0.293884
0.842048 0.300965
0.844265 0.328181
0.839370 0.307888
0.840519 0.318499
0.930706 0.238660
0.918826 0.231064
0.948545 0.232768
0.969148 0.226542
1.015554 0.236627
0.990890 0.223806
1.064949 0.217632
0.545648 0.605048
0.517898 0.596641
0.486825 0.594735
0.663794 0.573614
0.615403 0.577330
0.575997 0.588611
0.680985 0.543058
0.713676 0.528538
0.838137 0.471133
0.844727 0.442929
0.800535 0.490034
0.759457 0.512111
0.840558 0.412988
0.829587 0.394050
0.838300 0.338558
0.827465 0.379362
0.828697 0.364483
0.832924 0.350678
0.889667 0.237132
0.882058 0.240018
0.897405 0.230782
0.905487 0.224121
0.838072 0.273859
0.845714 0.267535
0.853182 0.263688
0.853857 0.256951
0.871020 0.247907
0.875524 0.241905
0.862874 0.248122
0.856107 0.250899
0.835064 0.289132
0.830451 0.281478
0.832097 0.299868
0.832080 0.327904
0.826926 0.313640
0.933465 0.219962
0.916396 0.218697
0.952487 0.208549
0.979471 0.201030
1.014484 0.200201
1.044058 0.168184
0.546035 0.571709
0.509816 0.561336
0.472052 0.559739
0.636933 0.535702
0.584081 0.549704
0.675604 0.510983
0.718320 0.488629
0.813664 0.442452
0.764555 0.466069
0.811809 0.408024
0.815573 0.387889
0.823974 0.340523
0.813384 0.371686
0.817107 0.355267
0.883218 0.233488
0.888721 0.229002
0.875275 0.233673
0.893186 0.220420
0.904070 0.208398
0.826803 0.272714
0.835358 0.264411
0.844411 0.259563
0.847741 0.250635
0.865304 0.238802
0.854539 0.243209
0.823426 0.290914
0.818252 0.280931
0.817755 0.270694
0.816894 0.302779
0.817189 0.327902
0.812377 0.315711
0.453205 0.515093
0.925705 0.194991
0.956529 0.185113
0.989039 0.161587
1.022597 0.117390
0.545254 0.528157
0.495249 0.516717
0.643010 0.495393
0.595216 0.500117
0.676132 0.469810
0.721567 0.444648
0.773790 0.418543
0.795620 0.386325
0.806067 0.342846
0.796252 0.361173
0.880127 0.223188
0.867837 0.227499
0.887465 0.206461
0.900809 0.192369
0.907417 0.172136
0.823307 0.261541
0.833840 0.251253
0.843692 0.241932
0.851966 0.228448
0.812061 0.263153
0.807981 0.290709
0.805460 0.274997
0.798718 0.306024
0.799741 0.325986
0.432116 0.465136
0.478543 0.470096
0.413302 0.420568
0.999239 0.062104
0.938943 0.153892
0.967192 0.105302
0.539015 0.473487
0.628494 0.459213
0.586934 0.451176
0.670645 0.426418
0.720761 0.397732
0.762911 0.370625
0.782421 0.340291
0.865126 0.210263
0.879399 0.179933
0.895572 0.143306
0.814183 0.248042
0.829291 0.231335
0.842671 0.213513
0.794234 0.257882
0.785366 0.285193
0.777853 0.312601
0.973000 0.000000
0.455991 0.427265
0.503937 0.425583
0.433477 0.391923
0.415751 0.362572
0.398555 0.385635
0.936126 0.054502
0.916221 0.102521
0.555433 0.415879
0.874604 0.114423
0.615375 0.406555
0.670177 0.376030
0.718264 0.352912
0.751482 0.330888
0.845632 0.186581
0.853774 0.148415
0.801573 0.230725
0.817053 0.205361
0.776976 0.235913
0.761294 0.260585
0.752020 0.293551
0.903413 0.000000
0.474793 0.390133
0.520299 0.381574
0.448942 0.361152
0.428422 0.337881
0.401363 0.339700
0.386997 0.358255
0.873143 0.062061
0.571033 0.366724
0.827926 0.106140
0.621884 0.347782
0.674097 0.324943
0.716148 0.306233
0.804069 0.161902
0.781089 0.204973
0.746110 0.225272
0.724461 0.262643
0.833824 0.000000
0.486791 0.353004
0.529942 0.338064
0.458638 0.330118
0.411188 0.319924
0.435269 0.313454
0.397181 0.305999
0.389707 0.321743
0.377938 0.336796
0.800795 0.051376
0.576019 0.318616
0.765977 0.108028
0.624599 0.293826
0.676396 0.272406
0.738039 0.169709
0.694797 0.217808
0.764664 0.000000
0.492818 0.315078
0.534311 0.295922
0.462023 0.299721
0.415493 0.300600
0.400487 0.290781
0.434427 0.290271
0.385974 0.295142
0.380284 0.307771
0.370838 0.319976
0.731160 0.054052
0.574928 0.270228
0.698009 0.109872
0.624268 0.228984
0.663752 0.165975
0.695512 0.000000
0.492508 0.273836
0.531817 0.258642
0.388873 0.281386
0.471704 0.249080
0.453180 0.270000
0.414428 0.283157
0.400976 0.278396
0.426852 0.272603
0.378364 0.276968
0.377542 0.287036
0.372794 0.296936
0.365273 0.306794
0.662000 0.055035
0.554677 0.220008
0.628314 0.110623
0.592523 0.168963
0.625556 0.000000
0.501706 0.228412
0.467498 0.225142
0.384731 0.271586
0.394147 0.269724
0.448695 0.243082
0.434223 0.255798
0.408336 0.266293
0.418596 0.256652
0.378135 0.267764
0.371422 0.271892
0.370121 0.279990
0.366792 0.288401
0.360911 0.296462
0.593447 0.055665
0.525327 0.168576
0.563203 0.112011
0.482680 0.149418
0.555600 0.000000
0.473410 0.192028
0.441977 0.213106
0.385946 0.262192
0.395652 0.258627
0.423791 0.236655
0.404144 0.248641
0.376596 0.258585
0.371753 0.265357
0.365767 0.266926
0.364394 0.274338
0.361894 0.281619
0.357493 0.288364
0.528449 0.057393
0.509701 0.109050
0.448037 0.151759
0.466316 0.118357
0.487289 0.000000
0.431282 0.182313
0.414750 0.208166
0.385303 0.246693
0.399790 0.228195
0.370749 0.250057
0.367691 0.259445
0.360242 0.261590
0.359101 0.268924
0.357534 0.275812
0.354783 0.281944
0.413906 0.147690
0.461973 0.066374
0.431355 0.109187
0.419290 0.000000
0.069956 0.000000
0.000000 0.000000
0.400183 0.178333
0.371746 0.239620
0.387813 0.205522
0.379262 0.226684
0.361871 0.243082
0.361308 0.252855
0.353829 0.256240
0.353638 0.264067
0.353034 0.270808
0.351832 0.276776
0.379963 0.146847
0.392619 0.117700
0.389171 0.066880
0.349685 0.000000
0.139912 0.000000
0.209868 0.000000
0.279824 0.000000
0.114258 0.041516
0.059876 0.039920
0.029034 0.068314
0.370558 0.180881
0.352247 0.157022
0.362273 0.230577
0.361355 0.210083
0.352820 0.236631
0.353467 0.246715
0.346669 0.251794
0.347597 0.259875
0.347982 0.266847
0.347883 0.272568
0.348255 0.116433
0.316698 0.058839
0.177943 0.049649
0.247798 0.054981
0.151473 0.095006
0.086135 0.089769
0.058067 0.136629
0.320630 0.153650
0.341826 0.187299
0.348785 0.225272
0.344052 0.233691
0.339926 0.212506
0.343811 0.242453
0.338256 0.236432
0.338980 0.249116
0.341110 0.256654
0.342352 0.263651
0.343072 0.269377
0.285457 0.114741
0.216995 0.106655
0.176278 0.140093
0.124978 0.152931
0.086939 0.204562
0.285447 0.162583
0.310547 0.183822
0.323127 0.204839
0.336587 0.227667
0.328062 0.219575
0.335253 0.241960
0.332087 0.235687
0.334503 0.254289
0.332481 0.248315
0.336473 0.261277
0.331468 0.259130
0.337659 0.267375
0.251536 0.151869
0.211838 0.160600
0.176238 0.184122
0.140060 0.217793
0.113333 0.266667
0.267605 0.181069
0.287130 0.192437
0.303875 0.208150
0.315630 0.220068
0.325045 0.230295
0.325444 0.242221
0.326325 0.253760
0.326815 0.261245
0.331751 0.266667
0.242494 0.185655
0.215009 0.203720
0.189263 0.229588
0.167779 0.266667
0.265732 0.203685
0.286409 0.216425
0.302585 0.226638
0.314930 0.234837
0.316801 0.248596
0.319954 0.260004
0.324575 0.266667
0.245503 0.217428
0.226450 0.238558
0.210041 0.266667
0.270102 0.228195
0.289737 0.236544
0.304890 0.243149
0.309373 0.257289
0.315330 0.266667
0.255152 0.245033
0.242846 0.266667
0.278040 0.250006
0.295716 0.253980
0.303420 0.266667
0.268311 0.266667
0.288077 0.266667
Elements
2968
1 3 4
2 5 1
5 3 1
6 5 2
7 3 5
7 8 3
6 2 9
11 10 4
3 11 4
8 11 3
6 9 12
6 13 5
6 12 13
7 5 13
7 14 8
7 13 14
8 15 11
8 14 15
9 16 12
19 10 20
20 10 11
23 12 16
24 20 11
15 24 11
23 25 12
13 12 25
13 25 14
26 14 25
27 15 14
26 27 14
15 28 24
28 15 27
29 17 30
30 17 18
18 22 30
31 30 22
32 17 29
29 33 32
23 16 34
17 36 18
18 36 37
35 37 36
37 38 18
22 18 38
39 22 38
41 37 35
41 35 40
19 42 21
20 42 19
42 20 43
24 43 20
21 45 44
42 45 21
31 22 46
39 46 22
23 34 47
23 47 25
43 24 48
28 48 24
25 47 49
26 25 49
26 49 50
26 50 27
51 28 27
51 27 50
28 52 48
51 52 28
29 53 33
29 30 53
53 30 54
54 30 31
31 55 54
31 46 55
56 33 53
32 33 57
33 58 57
56 58 33
34 59 47
40 35 60
61 35 36
35 61 60
38 37 62
41 62 37
39 63 46
62 64 38
39 38 64
39 64 63
40 60 65
40 65 66
41 66 62
40 66 41
45 42 68
43 68 42
68 43 69
48 69 43
44 72 70
45 72 44
45 73 72
73 45 68
46 75 55
46 63 75
76 75 63
76 63 74
75 77 55
76 74 78
47 59 79
79 49 47
69 48 80
52 80 48
49 79 81
50 49 81
50 81 82
51 50 82
51 82 52
82 83 52
52 83 80
56 53 84
54 84 53
54 55 84
55 85 84
77 85 55
56 86 58
56 84 86
87 57 88
58 88 57
58 89 88
86 89 58
59 90 79
91 65 60
92 60 61
60 92 91
93 94 91
65 91 94
64 62 95
62 66 95
95 96 64
64 96 63
96 74 63
94 97 65
65 97 66
97 98 66
98 95 66
96 99 74
101 67 71
67 102 100
101 102 67
73 68 103
103 68 69
69 104 103
80 104 69
105 73 103
71 70 106
101 71 106
72 106 70
72 107 106
107 72 73
105 107 73
74 99 108
78 74 108
109 108 99
76 111 75
76 78 111
77 75 111
77 112 85
77 111 112
78 108 113
78 113 111
79 90 114
79 114 81
80 116 104
83 116 80
115 104 116
81 114 117
82 81 117
82 117 83
118 116 83
118 83 117
86 84 119
119 84 85
85 120 119
120 85 112
86 121 89
121 86 119
122 89 121
123 87 124
88 124 87
124 88 125
89 125 88
122 125 89
126 114 90
92 127 91
91 127 93
93 127 128
94 93 130
93 128 130
130 131 94
97 94 131
95 132 96
96 132 99
98 132 95
131 133 97
98 97 133
98 133 132
134 99 132
109 99 134
100 135 110
135 100 102
136 110 135
101 137 102
101 106 137
102 138 135
138 102 137
105 103 139
139 103 104
140 139 104
140 104 115
105 141 107
105 139 141
107 142 106
137 106 142
142 107 141
108 143 113
144 143 108
140 115 145
109 147 108
144 108 147
148 109 134
148 147 109
110 136 149
150 145 115
145 150 146
120 112 151
113 152 111
151 112 152
112 111 152
152 113 153
113 143 153
153 143 154
154 146 150
154 143 146
114 126 155
155 117 114
115 116 156
115 156 150
118 157 116
156 116 157
117 155 158
118 117 158
118 158 157
119 159 121
159 119 120
120 160 159
160 120 151
122 121 161
121 159 161
122 162 125
122 161 162
164 163 123
124 164 123
124 165 164
125 165 124
125 162 165
166 155 126
128 127 167
128 167 129
129 167 168
129 169 128
130 128 169
170 169 129
129 168 170
131 130 171
169 171 130
171 172 131
133 131 172
172 173 133
133 173 132
134 132 173
174 134 173
148 134 174
136 135 175
175 135 138
176 149 136
177 176 136
177 136 175
138 137 178
142 178 137
179 175 138
179 138 178
139 180 141
140 180 139
140 145 180
141 181 142
178 142 181
141 180 181
144 182 143
144 147 182
143 182 146
145 183 180
146 183 145
146 182 183
147 184 182
148 174 184
148 184 147
185 149 176
160 151 186
187 150 156
150 187 154
152 153 188
151 152 188
151 188 186
189 154 187
153 189 188
189 153 154
155 166 190
190 158 155
157 191 156
156 191 187
158 190 192
192 157 158
157 192 191
160 193 159
159 193 161
160 186 193
161 194 162
161 193 194
162 196 165
196 162 194
163 197 195
163 164 197
197 164 198
165 198 164
165 196 198
199 190 166
168 167 200
168 200 201
201 202 168
170 168 202
170 203 169
169 203 171
170 202 203
204 172 171
171 203 204
204 205 172
172 205 173
173 205 206
174 173 206
174 206 184
207 185 176
177 175 208
179 208 175
176 209 207
177 209 176
177 208 209
179 178 210
179 210 208
178 181 210
181 180 211
181 211 210
183 211 180
183 212 211
182 212 183
184 212 182
213 212 184
206 213 184
207 214 185
215 186 188
186 215 216
186 216 193
217 187 191
189 187 217
218 189 217
218 188 189
215 188 218
190 199 219
219 192 190
192 219 220
220 191 192
191 220 217
194 221 196
193 216 222
221 194 222
194 193 222
223 195 224
197 224 195
196 225 198
225 196 221
226 224 197
198 226 197
225 226 198
227 225 221
228 219 199
229 214 207
230 231 200
201 200 231
201 232 202
201 231 232
202 232 233
202 233 203
203 233 234
204 203 234
204 234 205
205 234 235
205 235 206
206 235 213
236 213 235
237 208 210
229 207 238
238 207 209
209 239 238
239 209 208
239 208 237
240 229 238
237 210 241
211 241 210
212 241 211
242 241 212
236 242 213
213 242 212
214 229 243
215 218 246
215 246 216
247 216 246
247 222 216
217 220 248
218 217 248
246 218 248
219 228 249
220 219 249
220 249 248
227 221 250
221 222 250
247 251 222
250 222 251
245 223 252
224 252 223
253 252 224
226 253 224
254 253 226
225 254 226
227 254 225
227 255 254
227 250 255
256 249 228
257 243 229
240 257 229
260 230 258
231 230 260
260 261 231
232 231 261
233 232 262
232 261 262
233 262 263
233 263 234
263 264 234
235 234 264
236 235 264
236 264 265
236 265 242
266 239 237
267 266 237
267 237 241
240 238 268
238 239 268
266 268 239
240 269 257
240 268 269
267 241 270
242 270 241
265 270 242
243 257 271
244 275 272
276 277 244
275 244 278
278 244 277
288 284 245
252 288 245
246 248 289
247 246 289
247 289 251
249 256 290
290 248 249
248 290 289
291 250 251
255 250 291
251 289 292
251 292 291
252 293 288
253 293 252
253 294 293
254 294 253
254 255 294
255 295 294
291 295 255
296 290 256
257 297 271
297 257 269
259 298 258
258 298 260
259 299 298
259 300 299
298 301 260
261 260 301
301 302 261
262 261 302
262 302 303
262 303 263
263 303 304
264 263 304
264 304 265
304 305 265
265 305 270
306 297 269
266 307 268
266 267 307
267 270 307
306 269 308
308 269 268
268 307 308
309 270 305
309 307 270
310 271 297
312 272 275
273 272 313
312 313 272
274 273 314
313 314 273
274 315 311
274 314 315
312 275 316
278 317 275
317 316 275
318 276 279
277 276 318
277 318 319
317 278 319
278 277 319
320 279 280
318 279 320
321 280 281
320 280 321
322 281 282
321 281 322
325 282 283
322 282 325
326 283 285
325 283 326
327 286 284
284 288 327
328 285 287
326 285 328
329 287 286
328 287 329
286 327 329
327 288 330
293 330 288
290 296 331
289 290 331
292 289 331
292 331 332
292 332 291
291 332 295
293 333 330
294 333 293
295 333 294
334 295 332
295 334 333
335 331 296
297 336 310
306 336 297
299 337 298
298 337 301
338 337 299
299 300 339
338 299 339
300 340 339
301 337 341
301 341 302
342 341 337
302 341 343
302 343 303
303 343 344
304 344 305
303 344 304
344 345 305
309 305 345
306 346 336
306 308 346
308 347 346
347 308 307
309 345 347
309 347 307
348 310 336
311 351 350
311 315 351
312 352 313
312 316 352
313 353 314
353 313 352
314 354 315
314 353 354
315 355 351
315 354 355
316 356 352
317 319 357
316 357 356
317 357 316
320 358 318
319 318 358
359 319 358
359 357 319
360 320 321
358 320 360
322 361 321
360 321 361
362 322 325
361 322 362
363 364 323
324 323 369
364 369 323
324 370 366
369 370 324
374 325 326
362 325 374
375 326 328
374 326 375
327 376 329
327 330 376
328 329 377
375 328 377
329 376 377
330 378 376
330 333 378
331 335 379
332 331 379
334 332 379
334 379 380
334 380 333
378 333 380
381 379 335
336 383 348
336 346 383
338 384 337
342 337 384
338 339 385
338 385 384
339 340 386
386 385 339
349 387 340
386 340 387
342 388 341
341 388 343
342 384 389
342 389 388
344 390 345
343 390 344
388 390 343
346 391 383
347 391 346
345 390 391
347 345 391
383 392 348
387 349 393
393 349 394
350 351 395
350 395 396
351 399 395
351 355 399
352 400 353
400 352 356
353 401 354
353 400 401
354 402 355
354 401 402
355 403 399
403 355 402
356 357 404
356 405 400
356 404 405
359 407 357
404 357 407
406 404 407
360 408 358
359 358 408
359 408 407
409 360 361
408 360 409
410 406 407
361 362 411
409 361 411
374 412 362
411 362 412
369 364 413
365 414 363
414 364 363
414 415 364
415 413 364
416 413 415
382 417 365
417 414 365
417 382 418
419 371 368
367 366 420
370 420 366
421 368 367
368 421 419
420 421 367
370 369 422
413 422 369
423 420 370
422 423 370
371 424 372
419 424 371
425 424 419
373 372 426
424 426 372
374 375 427
412 374 427
428 375 377
427 375 428
376 429 377
376 378 429
430 428 377
430 377 429
378 380 431
429 378 431
432 379 381
380 379 432
380 432 431
432 381 433
382 434 418
418 434 436
435 436 434
383 437 392
383 391 437
385 438 384
384 438 389
387 393 439
386 439 385
386 387 439
385 439 438
388 440 390
389 438 440
389 440 388
437 391 441
390 441 391
440 441 390
442 440 438
437 443 392
393 444 439
393 394 445
445 444 393
445 394 446
399 451 395
395 452 396
395 451 452
396 452 453
397 460 459
398 461 397
460 397 461
457 462 398
461 398 462
459 469 468
399 470 451
470 399 403
471 470 403
401 400 472
400 405 472
401 473 402
401 472 473
402 474 403
471 403 474
474 402 473
472 405 475
405 404 476
476 475 405
406 476 404
477 406 410
478 476 406
477 478 406
409 479 408
407 408 479
410 407 479
480 409 411
479 409 480
410 479 481
477 410 481
482 411 412
480 411 482
412 427 483
482 412 483
484 480 482
413 485 422
416 485 413
417 486 414
486 415 414
487 415 486
487 416 415
488 485 416
489 416 487
489 488 416
418 490 417
486 417 490
436 491 418
490 418 491
421 492 419
425 419 492
493 421 420
493 492 421
423 493 420
494 423 422
422 485 494
495 493 423
494 495 423
496 426 424
425 496 424
425 497 496
425 492 497
496 498 426
427 428 499
427 499 483
500 499 428
500 428 430
429 431 501
430 501 500
430 429 501
433 502 432
502 431 432
431 502 501
483 499 503
502 433 504
505 435 434
435 505 507
506 507 505
507 508 435
435 508 436
491 436 509
508 509 436
437 511 443
441 511 437
444 512 439
438 439 512
442 438 512
441 513 511
440 513 441
442 513 440
442 512 513
514 443 511
515 512 444
444 445 516
515 444 516
517 446 447
446 517 445
517 516 445
519 447 518
447 519 517
465 524 448
448 525 449
524 525 448
449 526 450
525 526 449
450 527 520
526 527 450
470 528 451
451 529 452
451 528 529
453 530 454
452 530 453
452 529 530
531 455 454
530 531 454
532 456 455
455 531 532
456 533 458
533 456 532
458 534 457
462 457 534
534 458 533
469 459 535
535 459 460
460 536 535
461 537 460
536 460 537
462 538 461
537 461 538
534 539 462
538 462 539
463 540 466
464 541 463
540 463 541
467 542 464
541 464 543
543 464 542
465 466 544
544 524 465
545 524 544
544 466 546
540 546 466
547 546 540
467 468 548
542 467 548
548 468 549
469 549 468
535 550 469
469 550 549
470 551 528
471 551 470
552 528 551
471 553 551
471 474 553
472 554 473
554 472 475
474 473 555
553 474 555
473 554 555
475 556 554
476 557 475
475 557 556
478 557 476
478 558 557
477 558 478
477 481 558
479 480 559
484 559 480
481 479 559
481 559 558
483 503 560
482 483 560
484 482 560
484 560 559
561 494 485
562 561 485
562 485 488
563 562 488
490 564 486
486 564 487
565 487 564
489 487 565
489 566 488
565 566 489
563 488 566
491 567 490
564 490 567
568 491 509
568 567 491
493 569 492
492 569 497
495 569 493
495 570 569
495 494 570
494 561 570
571 497 569
572 570 561
496 573 498
497 573 496
571 573 497
498 573 574
500 501 575
499 575 503
500 575 499
502 504 576
501 502 576
575 501 576
577 560 503
578 503 575
578 577 503
576 504 579
580 506 505
506 580 510
581 510 580
510 582 506
506 582 507
508 507 583
582 583 507
583 584 508
509 508 584
568 509 585
584 585 509
582 510 586
581 587 510
587 586 510
588 587 581
511 589 514
589 511 513
589 513 590
512 590 513
515 590 512
589 591 514
515 516 592
515 592 590
517 519 593
516 517 593
516 593 592
518 523 594
594 519 518
519 594 595
595 593 519
520 596 521
527 596 520
522 521 597
596 597 521
523 522 598
598 594 523
597 598 522
524 599 525
545 599 524
525 600 526
599 600 525
526 601 527
600 601 526
596 527 602
601 602 527
528 603 529
552 603 528
530 604 531
529 604 530
529 603 604
531 605 532
605 531 604
532 606 533
606 532 605
607 534 533
539 534 607
607 533 606
550 535 608
536 608 535
536 609 608
536 537 609
538 610 537
609 537 610
539 611 538
610 538 611
612 539 607
612 611 539
541 613 540
547 540 613
547 613 614
543 615 541
613 541 615
548 616 542
543 617 615
617 542 616
543 542 617
545 618 599
546 619 544
545 544 619
545 619 618
546 620 619
547 620 546
614 620 547
549 621 548
616 548 621
621 549 622
550 622 549
608 623 550
622 550 623
552 624 603
552 551 625
624 552 625
551 553 625
626 625 553
626 553 555
554 627 555
554 556 627
628 555 627
626 555 628
629 627 556
557 558 630
556 630 629
557 630 556
560 577 631
559 560 631
558 631 630
558 559 631
632 631 577
562 633 561
561 633 572
563 633 562
563 634 633
563 566 634
567 635 564
565 564 635
565 635 566
636 566 635
636 634 566
568 637 567
568 585 637
567 637 635
638 572 633
571 569 639
570 639 569
572 639 570
571 640 573
571 639 640
641 639 572
641 572 638
642 574 643
573 643 574
640 643 573
644 643 640
576 579 646
575 576 646
578 575 646
578 646 647
578 647 577
632 577 647
648 646 579
649 632 647
650 581 580
581 650 588
586 651 582
583 582 651
584 583 652
651 652 583
651 586 653
652 654 584
584 654 585
585 655 637
655 585 654
588 650 656
586 587 657
657 653 586
587 588 658
658 657 587
588 656 658
653 657 659
660 591 589
660 589 590
661 660 590
661 590 592
660 662 591
663 661 592
595 664 593
593 664 592
663 592 664
598 665 594
665 595 594
666 595 665
666 664 595
597 596 667
602 667 596
598 597 668
668 665 598
667 668 597
599 669 600
618 669 599
600 670 601
669 670 600
671 602 601
670 671 601
672 667 602
671 672 602
669 618 673
624 674 603
604 675 605
603 675 604
603 674 675
605 676 606
676 605 675
677 606 676
607 606 678
612 607 678
677 678 606
623 608 679
609 679 608
680 679 609
680 609 610
610 611 681
680 610 681
612 682 611
612 678 682
681 611 682
621 683 616
615 684 613
614 613 684
614 685 620
614 684 685
617 686 615
684 615 686
687 616 683
686 617 687
616 687 617
618 619 688
688 673 618
620 689 619
688 619 689
685 689 620
622 690 621
683 621 690
690 622 691
623 691 622
679 692 623
691 623 692
624 693 674
625 693 624
693 625 694
626 694 625
626 628 694
628 627 695
627 629 695
628 695 694
696 674 693
629 630 697
629 697 695
631 632 698
698 630 631
630 698 697
649 699 632
699 698 632
700 638 633
634 700 633
636 701 634
701 700 634
637 702 635
636 635 702
636 702 701
703 702 637
655 703 637
638 700 704
638 705 641
704 705 638
644 640 706
639 706 640
641 706 639
705 706 641
642 707 645
643 707 642
708 707 643
644 708 643
644 706 708
707 709 645
710 705 704
646 648 711
647 646 711
647 711 649
712 711 648
649 711 713
649 713 699
714 656 650
653 715 651
652 651 715
652 716 654
715 716 652
715 653 717
659 717 653
718 654 716
654 718 655
703 655 719
718 719 655
720 658 656
656 714 721
721 720 656
657 658 722
722 659 657
720 723 658
723 722 658
717 659 724
659 722 725
725 724 659
726 662 660
661 726 660
663 726 661
662 726 727
663 728 726
663 664 728
729 728 664
729 664 666
730 729 666
665 668 731
731 666 665
730 666 731
667 732 668
732 731 668
672 732 667
733 730 731
669 734 670
673 734 669
735 671 670
734 735 670
736 732 672
671 737 672
672 737 736
735 737 671
738 673 688
673 739 734
738 739 673
674 741 675
696 741 674
675 742 676
742 675 741
677 676 743
743 676 742
677 744 678
677 743 744
745 678 744
682 678 745
692 679 746
680 746 679
680 681 746
682 747 681
681 747 746
745 747 682
690 748 683
685 749 689
683 750 687
750 683 748
686 751 684
749 685 751
684 751 685
687 752 686
686 752 751
752 687 750
753 688 689
738 688 753
753 689 754
749 754 689
691 755 690
748 690 755
755 691 756
692 756 691
746 757 692
756 692 757
758 695 697
696 693 759
694 759 693
694 695 759
760 695 758
760 759 695
696 761 741
696 759 761
698 699 762
697 698 762
758 697 762
699 713 763
763 762 699
700 764 704
701 702 764
701 764 700
703 765 702
765 764 702
703 719 765
710 704 766
704 764 766
705 767 706
710 767 705
768 706 767
768 708 706
707 769 709
708 769 707
768 769 708
709 769 770
710 771 767
710 766 771
773 774 712
711 712 774
713 711 774
713 774 775
775 763 713
788 721 714
789 788 714
717 790 715
716 715 790
716 791 718
791 716 790
790 717 792
724 792 717
791 793 718
718 793 719
719 794 765
794 719 793
724 795 792
720 721 796
796 723 720
788 797 721
797 796 721
722 723 798
798 725 722
796 799 723
799 798 723
725 798 800
724 725 801
795 724 801
800 801 725
727 802 740
802 727 726
728 802 726
803 802 728
803 728 729
804 803 729
804 729 730
805 804 730
805 730 733
732 806 731
733 731 806
736 806 732
733 806 807
807 805 733
808 806 736
734 809 735
739 809 734
810 737 735
810 735 809
811 736 737
808 736 811
812 811 737
810 812 737
738 753 813
738 813 739
739 814 809
814 739 813
784 740 815
815 740 802
741 816 742
741 761 816
817 742 816
742 817 743
818 744 743
818 743 817
745 744 819
745 819 747
818 819 744
757 746 820
747 820 746
820 747 821
821 747 819
822 748 755
748 823 750
822 823 748
749 751 824
749 824 754
750 825 752
825 750 823
752 826 751
824 751 826
826 752 825
754 827 753
813 753 827
827 754 828
824 828 754
756 829 755
822 755 829
829 756 830
757 830 756
820 831 757
830 757 831
758 762 832
758 832 760
761 759 833
760 832 833
760 833 759
761 834 816
834 761 833
762 763 836
832 762 836
835 832 836
763 775 837
837 836 763
764 838 766
765 838 764
794 838 765
839 771 766
766 838 839
768 840 769
767 840 768
771 840 767
770 841 772
841 770 769
840 841 769
771 842 840
839 842 771
772 843 776
843 772 841
778 844 773
774 773 844
845 774 844
775 774 845
775 845 837
776 846 777
846 776 843
777 847 778
844 778 847
847 777 846
779 849 787
848 787 849
850 779 780
849 779 850
851 780 781
780 851 850
782 852 781
851 781 852
783 853 782
852 782 853
783 785 854
853 783 854
786 784 855
855 784 815
785 786 856
854 785 856
856 786 855
857 787 848
787 857 858
859 858 857
788 789 860
860 797 788
861 860 789
862 861 789
792 863 790
791 863 793
791 790 863
792 864 863
795 864 792
794 865 838
793 863 865
793 865 794
795 801 866
795 866 864
797 860 867
867 868 797
796 797 868
799 796 868
798 799 869
869 800 798
799 868 869
800 869 871
870 871 869
871 872 800
801 800 872
801 872 866
873 815 802
803 873 802
803 804 873
874 873 804
805 874 804
805 807 874
807 875 874
807 806 875
808 875 806
876 875 808
808 811 876
810 809 877
810 877 812
814 877 809
812 878 811
811 878 876
812 877 878
813 827 879
814 813 879
814 879 877
815 880 855
880 815 873
816 881 817
816 834 881
818 882 819
818 817 882
817 881 882
883 819 882
821 819 883
831 820 884
821 884 820
884 821 883
822 885 823
822 829 885
823 886 825
823 885 886
826 887 824
828 824 887
825 888 826
887 826 888
886 888 825
828 889 827
827 889 879
828 890 889
890 828 887
830 891 829
829 891 885
892 885 891
891 830 893
831 893 830
884 894 831
893 831 894
835 895 832
833 832 895
833 895 834
834 896 881
896 834 895
835 836 897
835 897 895
837 845 898
836 837 899
897 836 899
898 899 837
839 900 842
839 838 900
838 865 900
841 901 843
840 901 841
842 901 840
902 901 842
902 842 900
903 846 843
903 843 901
847 904 844
845 844 904
898 845 904
846 905 847
905 904 847
905 846 903
906 898 904
848 907 857
849 850 908
907 848 908
848 849 908
851 909 850
908 850 909
852 910 851
909 851 910
853 911 852
910 852 911
854 912 853
911 853 912
856 913 854
912 854 913
855 914 856
913 856 914
914 855 880
859 857 915
907 915 857
916 858 917
859 917 858
859 918 917
918 859 915
861 920 860
867 860 920
861 862 921
921 920 861
921 862 922
923 922 862
863 924 865
864 924 863
864 866 924
865 925 900
924 925 865
866 926 924
866 872 926
867 927 868
867 920 927
927 928 868
869 868 928
928 870 869
870 928 929
870 930 871
870 929 930
871 931 872
872 931 926
930 931 871
931 932 926
933 880 873
874 933 873
874 875 933
934 933 875
876 934 875
876 878 934
935 934 878
878 936 935
877 936 878
879 936 877
879 889 936
937 914 880
937 880 933
881 938 882
881 896 938
939 938 896
883 882 940
940 882 938
894 884 941
941 883 940
883 941 884
942 894 941
886 885 943
892 943 885
888 886 944
944 886 943
887 888 945
890 887 945
888 944 945
890 946 889
889 946 936
890 945 946
892 947 943
891 893 948
892 891 948
892 948 947
893 949 948
894 949 893
942 949 894
895 897 950
896 895 950
939 896 950
897 899 951
951 950 897
906 952 898
899 898 952
951 899 952
902 900 953
925 953 900
954 903 901
902 954 901
902 953 954
955 905 903
954 955 903
956 904 905
906 904 956
956 905 955
906 956 957
957 952 906
907 908 958
907 958 915
909 959 908
958 908 959
910 960 909
959 909 960
961 910 911
960 910 961
962 911 912
961 911 962
963 912 913
962 912 963
964 913 914
963 913 964
964 914 937
965 915 958
966 918 915
966 915 965
919 916 967
917 967 916
917 968 967
918 968 917
918 969 968
966 969 918
919 971 970
919 967 971
920 921 972
921 922 972
920 972 927
922 923 973
922 973 972
973 923 974
975 925 924
926 975 924
925 976 953
975 976 925
977 975 926
932 977 926
927 972 978
978 979 927
928 927 979
929 928 979
929 979 980
929 980 930
981 977 932
980 982 930
931 982 932
930 982 931
983 932 982
983 981 932
984 937 933
934 984 933
935 984 934
935 985 984
935 936 985
986 985 936
946 986 936
987 964 937
937 984 987
940 938 988
939 988 938
989 939 950
939 989 988
942 941 990
940 988 990
941 940 990
942 991 949
942 990 991
943 992 944
947 992 943
944 993 945
993 944 992
986 946 994
945 994 946
993 994 945
947 948 995
947 996 992
996 947 995
949 997 948
995 948 997
991 997 949
951 952 998
951 998 950
989 950 998
957 999 952
999 998 952
954 1000 955
953 1000 954
976 1000 953
956 955 1001
957 956 1001
955 1000 1001
957 1001 999
959 1002 958
965 958 1003
1003 958 1002
960 1004 959
1002 959 1004
960 961 1005
1004 960 1005
962 1006 961
1005 961 1006
963 1007 962
1006 962 1007
1008 963 964
1007 963 1008
1008 964 987
966 1009 969
966 965 1009
965 1003 1009
967 1010 971
1010 967 968
968 1011 1010
968 969 1011
969 1012 1011
969 1009 1012
970 1014 1013
970 971 1014
971 1015 1014
971 1010 1015
972 973 1021
978 972 1021
973 974 1022
1022 1021 973
1022 974 1023
976 1024 1000
1025 1024 976
975 1025 976
977 1025 975
981 1026 977
1026 1025 977
1027 1026 981
978 1021 1028
978 1028 979
979 1028 1029
980 979 1029
980 1029 982
983 1030 981
1027 981 1030
982 1029 1031
1031 983 982
983 1031 1030
1032 987 984
985 1032 984
1033 1032 985
986 1033 985
986 994 1033
1034 1008 987
1034 987 1032
989 998 1035
988 1035 990
989 1035 988
990 1035 1036
991 990 1036
991 1036 997
993 1037 994
992 1037 993
996 1037 992
1033 994 1038
1037 1038 994
996 1039 1037
996 995 1039
995 997 1039
1040 997 1036
1040 1039 997
998 999 1041
1035 998 1041
999 1001 1042
999 1042 1041
1043 1001 1000
1043 1042 1001
1024 1043 1000
1003 1044 1009
1045 1002 1004
1002 1046 1003
1046 1002 1045
1046 1044 1003
1004 1005 1047
1045 1004 1047
1005 1006 1048
1047 1005 1048
1007 1049 1006
1048 1006 1049
1008 1050 1007
1049 1007 1050
1050 1008 1034
1012 1009 1051
1044 1051 1009
1052 1051 1044
1010 1053 1015
1053 1010 1011
1011 1054 1053
1011 1012 1054
1054 1012 1055
1051 1055 1012
1056 1015 1053
1061 1063 1057
1064 1062 1016
1013 1065 1017
1013 1014 1065
1014 1066 1065
1014 1015 1066
1015 1056 1066
1018 1067 1016
1068 1016 1067
1064 1016 1068
1017 1069 1020
1017 1065 1069
1019 1070 1018
1067 1018 1070
1020 1071 1019
1070 1019 1071
1071 1020 1069
1070 1072 1067
1021 1022 1074
1028 1021 1074
1022 1023 1075
1074 1022 1075
1076 1075 1023
1024 1077 1043
1024 1078 1077
1025 1078 1024
1026 1078 1025
1079 1078 1026
1027 1079 1026
1027 1030 1080
1027 1080 1079
1028 1074 1081
1081 1029 1028
1029 1081 1082
1082 1031 1029
1031 1082 1083
1083 1030 1031
1030 1083 1080
1032 1084 1034
1033 1084 1032
1033 1038 1084
1085 1084 1038
1034 1086 1050
1086 1034 1084
1035 1041 1087
1036 1035 1087
1088 1036 1087
1040 1036 1088
1085 1038 1089
1038 1037 1089
1039 1089 1037
1040 1088 1090
1040 1090 1039
1090 1089 1039
1091 1085 1089
1041 1042 1092
1087 1041 1092
1042 1043 1093
1093 1092 1042
1077 1093 1043
1094 1093 1077
1045 1047 1095
1052 1044 1095
1046 1045 1095
1046 1095 1044
1048 1096 1047
1095 1047 1096
1049 1097 1048
1096 1048 1097
1050 1098 1049
1097 1049 1098
1098 1050 1086
1052 1095 1099
1051 1100 1055
1052 1100 1051
1052 1099 1100
1101 1066 1056
1102 1055 1100
1053 1103 1056
1103 1053 1054
1054 1104 1103
1104 1054 1055
1055 1102 1104
1056 1105 1101
1105 1056 1103
1058 1106 1073
1109 1057 1063
1109 1063 1108
1057 1110 1107
1110 1057 1109
1107 1111 1060
1059 1113 1058
1113 1106 1058
1059 1112 1114
1114 1113 1059
1060 1115 1112
1115 1060 1116
1111 1116 1060
1062 1117 1061
1063 1061 1117
1064 1117 1062
1118 1063 1117
1108 1063 1118
1068 1119 1064
1064 1119 1117
1065 1120 1069
1066 1120 1065
1101 1120 1066
1068 1067 1121
1068 1121 1119
1072 1121 1067
1069 1122 1071
1069 1120 1122
1071 1123 1070
1072 1070 1123
1123 1071 1122
1124 1121 1072
1125 1072 1123
1124 1072 1125
1073 1127 1126
1106 1127 1073
1074 1075 1131
1131 1081 1074
1075 1076 1132
1131 1075 1132
1133 1132 1076
1134 1077 1078
1134 1094 1077
1135 1094 1134
1079 1080 1136
1079 1136 1078
1078 1136 1134
1080 1083 1137
1080 1137 1136
1081 1131 1138
1138 1082 1081
1082 1138 1139
1083 1082 1139
1083 1139 1137
1086 1084 1140
1085 1140 1084
1091 1140 1085
1098 1086 1141
1141 1086 1140
1091 1142 1140
1087 1092 1143
1088 1087 1143
1088 1143 1090
1090 1143 1144
1091 1089 1144
1091 1144 1142
1090 1144 1089
1093 1145 1092
1092 1145 1143
1094 1145 1093
1146 1145 1094
1135 1146 1094
1147 1095 1096
1099 1095 1147
1096 1097 1148
1147 1096 1148
1098 1149 1097
1148 1097 1149
1149 1098 1141
1099 1150 1100
1099 1147 1150
1102 1100 1151
1151 1100 1150
1101 1152 1120
1101 1105 1152
1153 1102 1151
1154 1104 1102
1102 1153 1154
1105 1103 1155
1103 1104 1155
1104 1154 1155
1156 1152 1105
1156 1105 1155
1113 1157 1106
1106 1158 1127
1157 1158 1106
1108 1118 1159
1111 1107 1160
1110 1160 1107
1108 1161 1109
1108 1159 1161
1109 1162 1110
1110 1162 1160
1162 1109 1161
1160 1163 1111
1111 1163 1116
1164 1114 1112
1115 1164 1112
1114 1165 1113
1165 1157 1113
1164 1166 1114
1166 1165 1114
1116 1167 1115
1115 1167 1164
1167 1116 1168
1163 1168 1116
1118 1117 1169
1169 1117 1119
1169 1170 1118
1159 1118 1170
1169 1119 1171
1121 1172 1119
1171 1119 1172
1173 1122 1120
1152 1173 1120
1172 1121 1174
1124 1174 1121
1123 1122 1175
1125 1123 1175
1122 1173 1175
1125 1176 1124
1125 1175 1176
1124 1176 1174
1128 1126 1177
1127 1177 1126
1178 1177 1127
1158 1178 1127
1179 1129 1128
1177 1179 1128
1180 1130 1129
1179 1180 1129
1182 1181 1130
1130 1180 1182
1131 1132 1185
1185 1138 1131
1132 1133 1186
1186 1185 1132
1187 1186 1133
1188 1134 1136
1135 1134 1188
1135 1188 1189
1189 1146 1135
1137 1190 1136
1190 1188 1136
1137 1139 1191
1137 1191 1190
1138 1185 1192
1192 1139 1138
1139 1192 1191
1189 1193 1146
1141 1140 1194
1142 1194 1140
1141 1195 1149
1195 1141 1194
1142 1196 1194
1142 1144 1196
1197 1143 1145
1144 1143 1197
1196 1144 1197
1146 1193 1198
1198 1197 1145
1146 1198 1145
1148 1199 1147
1150 1147 1199
1148 1149 1200
1199 1148 1200
1200 1149 1195
1151 1150 1201
1201 1150 1199
1153 1151 1202
1201 1202 1151
1152 1203 1173
1156 1203 1152
1204 1153 1202
1153 1205 1154
1204 1205 1153
1154 1206 1155
1206 1154 1205
1156 1207 1203
1156 1155 1207
1207 1155 1206
1165 1208 1157
1158 1157 1209
1208 1209 1157
1210 1178 1158
1209 1210 1158
1159 1211 1161
1159 1170 1211
1163 1160 1212
1162 1212 1160
1161 1213 1162
1212 1162 1213
1213 1161 1211
1212 1214 1163
1168 1163 1214
1166 1164 1215
1167 1215 1164
1166 1216 1165
1166 1215 1216
1165 1216 1208
1168 1217 1167
1167 1217 1215
1217 1168 1218
1214 1218 1168
1170 1169 1219
1171 1219 1169
1219 1220 1170
1170 1220 1211
1171 1221 1219
1171 1172 1221
1222 1172 1174
1222 1221 1172
1173 1223 1175
1203 1223 1173
1222 1174 1224
1176 1224 1174
1225 1175 1223
1176 1175 1225
1176 1225 1224
1179 1177 1226
1178 1226 1177
1227 1226 1178
1210 1227 1178
1180 1179 1228
1226 1228 1179
1229 1182 1180
1228 1229 1180
1181 1230 1183
1182 1230 1181
1231 1230 1182
1231 1182 1229
1184 1183 1232
1230 1232 1183
1185 1186 1233
1233 1192 1185
1186 1187 1234
1234 1233 1186
1235 1234 1187
1188 1190 1236
1189 1188 1236
1189 1236 1193
1190 1191 1237
1190 1237 1236
1192 1233 1238
1238 1191 1192
1191 1238 1237
1239 1193 1236
1239 1240 1193
1240 1198 1193
1194 1241 1195
1194 1196 1241
1242 1200 1195
1242 1195 1241
1196 1197 1243
1241 1196 1243
1198 1240 1244
1244 1197 1198
1243 1197 1244
1201 1245 1202
1199 1200 1245
1201 1199 1245
1200 1242 1245
1204 1202 1246
1202 1245 1246
1203 1247 1223
1203 1207 1247
1204 1248 1205
1204 1246 1248
1205 1249 1206
1205 1248 1249
1247 1207 1250
1206 1250 1207
1250 1206 1249
1251 1209 1208
1208 1216 1252
1251 1208 1252
1209 1253 1210
1251 1253 1209
1210 1254 1227
1253 1254 1210
1220 1255 1211
1211 1256 1213
1256 1211 1255
1214 1212 1257
1213 1257 1212
1257 1213 1256
1257 1258 1214
1218 1214 1258
1215 1259 1216
1217 1259 1215
1252 1216 1260
1260 1216 1259
1218 1261 1217
1259 1217 1261
1262 1261 1218
1262 1218 1258
1219 1263 1220
1221 1263 1219
1263 1264 1220
1220 1264 1255
1222 1224 1265
1221 1265 1263
1222 1265 1221
1223 1266 1225
1223 1247 1266
1225 1266 1267
1224 1267 1265
1224 1225 1267
1226 1268 1228
1227 1268 1226
1269 1268 1227
1269 1227 1254
1229 1228 1270
1268 1270 1228
1231 1229 1271
1229 1270 1271
1230 1272 1232
1231 1272 1230
1231 1271 1272
1272 1273 1232
1233 1234 1274
1274 1238 1233
1234 1235 1275
1234 1275 1274
1276 1275 1235
1277 1236 1237
1239 1236 1277
1238 1274 1278
1238 1278 1237
1237 1278 1277
1239 1277 1279
1239 1279 1240
1240 1279 1280
1280 1244 1240
1241 1243 1281
1242 1281 1245
1242 1241 1281
1244 1280 1282
1282 1243 1244
1243 1282 1281
1283 1245 1281
1246 1245 1283
1248 1246 1284
1284 1246 1283
1247 1285 1266
1250 1285 1247
1248 1286 1249
1248 1284 1286
1285 1250 1287
1249 1287 1250
1287 1249 1286
1288 1251 1252
1289 1253 1251
1288 1289 1251
1260 1290 1252
1288 1252 1290
1253 1291 1254
1289 1291 1253
1254 1292 1269
1254 1291 1292
1264 1293 1255
1255 1294 1256
1255 1293 1294
1257 1295 1258
1256 1295 1257
1295 1256 1294
1296 1258 1295
1262 1258 1296
1260 1297 1290
1261 1297 1259
1260 1259 1297
1262 1298 1261
1261 1298 1297
1262 1296 1298
1264 1263 1299
1263 1265 1299
1299 1300 1264
1293 1264 1300
1301 1293 1300
1267 1302 1265
1299 1265 1302
1266 1303 1267
1303 1266 1285
1304 1302 1267
1304 1267 1303
1268 1306 1270
1269 1306 1268
1292 1306 1269
1270 1306 1307
1307 1271 1270
1272 1308 1273
1271 1308 1272
1307 1308 1271
1273 1308 1309
1274 1275 1310
1274 1310 1278
1305 1311 1276
1275 1276 1311
1275 1311 1310
1312 1279 1277
1278 1310 1313
1278 1313 1277
1312 1277 1313
1279 1312 1314
1314 1280 1279
1280 1314 1315
1315 1282 1280
1282 1315 1316
1316 1281 1282
1283 1281 1316
1317 1283 1316
1284 1317 1286
1284 1283 1317
1285 1318 1303
1287 1318 1285
1286 1317 1319
1286 1319 1287
1318 1287 1319
1289 1320 1291
1289 1288 1320
1288 1290 1320
1290 1297 1321
1290 1321 1320
1291 1322 1292
1291 1320 1322
1323 1306 1292
1292 1322 1323
1323 1324 1306
1293 1325 1294
1301 1325 1293
1295 1326 1296
1294 1326 1295
1294 1325 1326
1296 1327 1298
1327 1296 1326
1321 1297 1328
1298 1327 1328
1298 1328 1297
1301 1329 1325
1300 1299 1330
1302 1330 1299
1300 1330 1331
1301 1331 1329
1301 1300 1331
1304 1332 1302
1330 1302 1332
1333 1303 1318
1304 1333 1332
1304 1303 1333
1335 1305 1334
1311 1305 1335
1307 1338 1308
1307 1306 1338
1324 1338 1306
1339 1337 1309
1309 1308 1339
1338 1339 1308
1335 1340 1311
1310 1311 1340
1310 1340 1313
1312 1313 1341
1312 1341 1314
1342 1313 1340
1342 1341 1313
1314 1341 1343
1314 1343 1315
1315 1343 1344
1344 1316 1315
1345 1316 1344
1317 1316 1345
1319 1317 1345
1333 1318 1346
1319 1345 1346
1318 1319 1346
1320 1347 1322
1321 1347 1320
1321 1328 1347
1323 1348 1324
1322 1347 1348
1323 1322 1348
1324 1349 1338
1324 1348 1349
1325 1350 1326
1329 1350 1325
1326 1350 1351
1327 1326 1351
1327 1351 1328
1328 1352 1347
1352 1328 1351
1329 1353 1350
1329 1331 1353
1331 1330 1354
1330 1332 1354
1331 1354 1353
1332 1355 1354
1332 1333 1355
1333 1346 1355
1357 1334 1336
1334 1357 1335
1357 1358 1335
1358 1340 1335
1359 1357 1336
1359 1336 1361
1360 1359 1361
1362 1356 1337
1339 1362 1337
1363 1362 1339
1363 1339 1338
1349 1363 1338
1358 1364 1340
1342 1340 1364
1365 1363 1349
1342 1366 1341
1342 1364 1366
1341 1366 1343
1343 1366 1367
1367 1344 1343
1368 1344 1367
1368 1345 1344
1369 1345 1368
1346 1345 1369
1355 1346 1369
1347 1370 1348
1352 1370 1347
1365 1349 1371
1348 1371 1349
1370 1371 1348
1350 1372 1351
1350 1353 1372
1351 1372 1373
1352 1373 1370
1352 1351 1373
1374 1372 1353
1374 1353 1375
1353 1354 1375
1376 1375 1354
1355 1376 1354
1355 1369 1376
1362 1377 1356
1378 1357 1359
1378 1358 1357
1378 1379 1358
1379 1364 1358
1360 1380 1359
1380 1378 1359
1381 1380 1360
1382 1381 1360
1360 1361 1383
1382 1360 1383
1362 1384 1377
1363 1384 1362
1365 1384 1363
1364 1379 1385
1385 1366 1364
1365 1386 1384
1365 1371 1386
1387 1367 1366
1387 1366 1385
1367 1387 1388
1388 1368 1367
1376 1369 1389
1369 1368 1389
1389 1368 1388
1371 1390 1386
1370 1390 1371
1373 1390 1370
1373 1391 1390
1372 1391 1373
1374 1391 1372
1374 1392 1391
1374 1375 1392
1375 1393 1392
1375 1376 1393
1376 1389 1393
1377 1384 1394
1380 1395 1378
1395 1379 1378
1379 1395 1396
1396 1385 1379
1381 1397 1380
1397 1395 1380
1398 1381 1382
1398 1399 1381
1399 1397 1381
1401 1398 1382
1400 1398 1401
1383 1402 1382
1401 1382 1402
1403 1394 1384
1386 1403 1384
1404 1385 1396
1385 1404 1387
1386 1405 1403
1386 1390 1405
1387 1404 1406
1387 1406 1388
1393 1389 1407
1407 1388 1406
1389 1388 1407
1390 1408 1405
1391 1408 1390
1391 1392 1408
1392 1409 1408
1392 1393 1409
1393 1407 1409
1403 1410 1394
1397 1411 1395
1411 1396 1395
1396 1411 1412
1412 1404 1396
1399 1413 1397
1413 1411 1397
1400 1414 1398
1414 1399 1398
1415 1414 1400
1416 1399 1414
1416 1413 1399
1415 1400 1417
1418 1400 1401
1417 1400 1418
1419 1401 1402
1418 1401 1419
1410 1403 1420
1405 1420 1403
1404 1421 1406
1412 1421 1404
1420 1405 1422
1405 1408 1422
1407 1423 1409
1421 1423 1406
1406 1423 1407
1422 1408 1424
1409 1424 1408
1409 1423 1424
1420 1425 1410
1413 1426 1411
1411 1426 1412
1427 1412 1426
1427 1421 1412
1428 1415 1417
1416 1430 1413
1430 1426 1413
1429 1426 1430
1431 1414 1415
1431 1416 1414
1432 1415 1428
1432 1431 1415
1433 1416 1431
1433 1430 1416
1435 1428 1417
1434 1428 1435
1436 1417 1418
1435 1417 1436
1437 1418 1419
1436 1418 1437
1425 1420 1438
1422 1438 1420
1421 1439 1423
1427 1439 1421
1438 1422 1440
1424 1440 1422
1440 1424 1441
1441 1424 1423
1441 1423 1439
1438 1442 1425
1427 1443 1439
1427 1426 1443
1429 1443 1426
1444 1443 1429
1445 1428 1434
1432 1428 1446
1445 1446 1428
1429 1447 1444
1447 1429 1430
1448 1430 1433
1448 1447 1430
1432 1449 1431
1432 1446 1449
1431 1449 1433
1450 1433 1449
1450 1448 1433
1445 1434 1451
1452 1451 1434
1434 1435 1453
1452 1434 1453
1454 1435 1436
1453 1435 1454
1455 1436 1437
1454 1436 1455
1442 1438 1456
1440 1456 1438
1439 1457 1441
1439 1443 1457
1456 1440 1458
1458 1440 1441
1441 1457 1458
1456 1460 1442
1459 1457 1461
1461 1457 1443
1444 1461 1443
1444 1462 1461
1444 1447 1462
1445 1451 1463
1445 1463 1446
1446 1464 1449
1463 1464 1446
1465 1462 1447
1448 1465 1447
1450 1465 1448
1450 1449 1466
1464 1466 1449
1450 1466 1465
1451 1467 1463
1468 1451 1452
1468 1467 1451
1468 1452 1469
1470 1452 1453
1452 1470 1469
1471 1453 1454
1470 1453 1471
1472 1454 1455
1471 1454 1472
1473 1460 1456
1458 1473 1456
1474 1473 1458
1474 1458 1457
1459 1474 1457
1459 1461 1475
1459 1475 1476
1476 1474 1459
1460 1473 1477
1478 1475 1461
1462 1478 1461
1479 1478 1462
1462 1465 1479
1467 1480 1463
1463 1480 1464
1464 1480 1466
1466 1480 1481
1466 1481 1465
1481 1479 1465
1467 1482 1480
1468 1469 1483
1468 1483 1467
1483 1482 1467
1469 1484 1483
1469 1470 1485
1485 1484 1469
1486 1470 1471
1486 1485 1470
1487 1471 1472
1487 1486 1471
1475 1478 1488
1473 1489 1477
1474 1489 1473
1476 1489 1474
1476 1490 1489
1476 1475 1490
1488 1490 1475
1477 1489 1491
1494 1488 1478
1478 1479 1494
1482 1495 1480
1496 1494 1479
1481 1496 1479
1497 1496 1481
1497 1481 1480
1495 1497 1480
1495 1482 1498
1484 1499 1483
1499 1482 1483
1499 1498 1482
1500 1499 1484
1501 1484 1485
1501 1500 1484
1502 1485 1486
1502 1501 1485
1503 1486 1487
1503 1502 1486
1488 1494 1504
1504 1505 1488
1505 1490 1488
1506 1491 1489
1490 1506 1489
1505 1506 1490
1491 1506 1507
1511 1492 1508
1492 1512 1493
1512 1492 1511
1512 1513 1493
1514 1504 1494
1494 1496 1514
1515 1504 1514
1498 1516 1495
1495 1516 1497
1496 1517 1514
1497 1517 1496
1516 1517 1497
1518 1516 1498
1500 1519 1499
1498 1499 1519
1519 1518 1498
1520 1519 1500
1521 1500 1501
1521 1520 1500
1522 1501 1502
1522 1521 1501
1523 1502 1503
1523 1522 1502
1505 1524 1506
1504 1524 1505
1515 1524 1504
1525 1510 1507
1525 1507 1506
1524 1525 1506
1526 1508 1509
1508 1526 1511
1527 1509 1510
1509 1527 1526
1527 1510 1525
1526 1528 1511
1512 1529 1513
1511 1529 1512
1511 1528 1529
1529 1530 1513
1515 1531 1524
1515 1532 1531
1514 1532 1515
1532 1514 1517
1518 1533 1516
1533 1517 1516
1534 1533 1518
1535 1532 1517
1533 1535 1517
1520 1536 1519
1519 1536 1518
1534 1518 1536
1537 1534 1536
1538 1536 1520
1539 1520 1521
1539 1538 1520
1540 1521 1522
1540 1539 1521
1522 1523 1541
1541 1540 1522
1525 1542 1527
1542 1525 1524
1531 1542 1524
1543 1526 1527
1528 1526 1543
1543 1527 1542
1544 1528 1543
1530 1529 1545
1528 1545 1529
1544 1545 1528
1545 1546 1530
1547 1542 1531
1548 1547 1531
1548 1531 1532
1549 1548 1532
1535 1549 1532
1534 1550 1533
1537 1550 1534
1550 1535 1533
1551 1535 1550
1551 1549 1535
1538 1552 1536
1537 1536 1552
1537 1552 1553
1537 1553 1550
1554 1538 1539
1555 1538 1554
1555 1552 1538
1556 1539 1540
1539 1556 1554
1557 1554 1556
1541 1558 1540
1558 1556 1540
1559 1543 1542
1547 1559 1542
1544 1543 1560
1560 1543 1559
1544 1561 1545
1560 1561 1544
1546 1545 1562
1561 1562 1545
1562 1563 1546
1564 1559 1547
1564 1547 1565
1565 1547 1548
1565 1548 1566
1549 1566 1548
1567 1566 1549
1551 1567 1549
1553 1568 1550
1551 1568 1567
1551 1550 1568
1555 1569 1552
1553 1569 1568
1553 1552 1569
1557 1570 1554
1554 1570 1555
1555 1570 1569
1557 1571 1570
1558 1572 1556
1556 1572 1557
1571 1557 1572
1573 1560 1559
1564 1573 1559
1560 1574 1561
1573 1574 1560
1561 1575 1562
1574 1575 1561
1563 1562 1576
1575 1576 1562
1564 1577 1573
1564 1565 1577
1565 1578 1577
1566 1578 1565
1579 1578 1566
1567 1579 1566
1568 1569 1580
1567 1580 1579
1568 1580 1567
1581 1569 1570
1569 1581 1580
1571 1582 1570
1570 1582 1581
1583 1571 1572
1571 1583 1582
1573 1584 1574
1577 1584 1573
1574 1585 1575
1584 1585 1574
1586 1576 1575
1585 1586 1575
1577 1587 1584
1578 1587 1577
1578 1588 1587
1579 1588 1578
1589 1580 1581
1588 1579 1589
1580 1589 1579
1590 1581 1582
1581 1590 1589
1582 1583 1591
1582 1591 1590
1584 1592 1585
1587 1592 1584
1585 1593 1586
1592 1593 1585
1587 1594 1592
1588 1594 1587
1595 1589 1590
1594 1588 1595
1589 1595 1588
1590 1591 1596
1590 1596 1595
1592 1597 1593
1594 1597 1592
1595 1596 1598
1594 1598 1597
1595 1598 1594
